    0.           4.60431308  24.41412426
    1.          58.45914343  23.63260075
    2.         105.79532368  27.81068586
    3.         120.94030632   6.4792174
    4.         110.46027376  27.45403648
    5.         156.94580242  39.33860856
    6.          97.35070141  20.92789887
    7.         109.37478006  30.9970695
    8.          99.05151874  19.28476858
    9.         104.45859079   8.85127825
   10.         121.01805655   6.07401309
   11.         150.2579693   14.32145442
   12.         132.70479988   8.79070511
   13.         167.08744545  35.03373288
   14.         169.98653173   1.97154335
   15.         170.03519061  24.20592454
   16.         208.98350876   4.20814797
   17.         197.57083074   0.51092204
   18.         228.13846665  12.50955098
   19.         231.1159891    2.75659193
   20.         215.91263489  26.21782048
   21.         261.36348165   6.25985975
   22.         236.35707124   1.41503387
   23.         246.7866872   22.13921584
   24.         281.2345606   13.354153
   25.         293.91145911   1.66659924
   26.         313.55069694  30.87156964
   27.         394.24796751   1.32922513
   28.         432.51296202   6.9249555
   29.         426.75836694  14.59059574
